300
1 41
1 18467
2 0
1 26500
1 19169
2 1
1 11478
1 29358
2 2
1 24464
1 5705
2 0
1 23281
1 16827
2 1
1 491
1 2995
2 0
1 4827
1 5436
2 7
1 14604
1 3902
2 0
1 292
1 12382
2 1
1 18716
1 19718
2 7
1 5447
1 21726
2 11
1 11538
1 1869
2 9
1 25667
1 26299
2 11
1 9894
1 28703
2 6
1 31322
1 30333
2 9
1 4664
1 15141
2 10
1 28253
1 6868
2 5
1 27644
1 32662
2 1
1 20037
1 12859
2 3
1 9741
1 27529
2 1
1 12316
1 3035
2 14
1 1842
1 288
2 22
1 9040
1 8942
2 16
1 22648
1 27446
2 5
1 15890
1 6729
2 8
1 15350
1 15006
2 24
1 24393
1 3548
2 1
1 12623
1 24084
2 2
1 18756
1 11840
2 16
1 7376
1 13931
2 20
1 16944
1 32439
2 18
1 11323
1 5537
2 22
1 16118
1 2082
2 13
1 16541
1 4833
2 0
1 4639
1 29658
2 24
1 9930
1 13977
2 12
1 31673
1 22386
2 5
1 28745
1 26924
2 1
1 6270
1 5829
2 17
1 15573
1 5097
2 30
1 23986
1 13290
2 5
1 18636
1 22355
2 42
1 23655
1 15574
2 27
1 12052
1 27350
2 25
1 16941
1 21724
2 28
1 3430
1 31107
2 17
1 18007
1 11337
2 1
1 12287
1 27753
2 44
1 14945
1 8909
2 9
1 9758
1 24221
2 24
1 6422
1 24946
2 50
1 13030
1 16413
2 18
1 900
1 32591
2 24
1 1655
1 17410
2 34
1 27624
1 20537
2 44
1 6483
1 27595
2 51
1 3602
1 24350
2 25
1 30836
1 9374
2 46
1 4596
1 24021
2 48
1 23199
1 19668
2 23
1 8281
1 4734
2 53
1 1999
1 26418
2 29
1 6900
1 3788
2 15
1 467
1 3728
2 8
1 24648
1 22483
2 53
1 2421
1 14310
2 51
1 22813
1 9514
2 29
1 7616
1 18935
2 63
1 20600
1 5249
2 69
1 31556
1 22798
2 57
1 6224
1 11008
2 12
1 32609
1 14989
2 71
1 3195
1 20485
2 59
1 14343
1 30523
2 12
1 29314
1 9503
2 0
1 25200
1 13458
2 73
1 20580
1 19796
2 56
1 15281
1 19589
2 21
1 28009
1 27157
2 72
1 23622
1 18538
2 61
1 6038
1 24179
2 68
1 29657
1 7958
2 49
1 19815
1 22888
2 4
1 11511
1 16202
2 84
1 24272
1 20055
2 32
1 22646
1 26362
2 14
1 18875
1 28433
2 37
1 20142
1 23844
2 81
1 21881
1 31998
2 62
1 18651
1 10021
2 57
1 3557
1 28476
2 16
1 24389
1 5075
2 17
1 2600
1 2510
2 41
1 26869
1 17861
2 58
1 13401
1 9789
2 87
1 16423
1 5002
2 12
1 24182
1 10285
2 40
1 31426
1 28617
2 96
1 9832
1 30932
2 69
1 2154
1 25721
2 19
