0
0
0
1
1
0
2
3
2
3
4
4
3
3
2
6
8
2
0
0
5
0
5
11
0
0
8
0
0
1
13
8
3
11
4
0
7
11
12
4
12
19
20
22
14
15
5
4
10
18
10
12
5
24
14
5
8
18
21
14
10
1
20
25
12
31
12
28
29
1
22
17
1
8
3
6
27
28
15
32
7
21
13
9
7
18
27
5
18
13
42
1
18
30
28
3
26
36
34
7
38
7
29
22
49
0
37
20
6
18
36
7
41
11
2
36
43
15
17
25
40
46
49
11
42
49
52
49
12
19
52
32
18
40
43
27
25
52
2
20
52
42
0
35
61
28
38
5
7
49
13
42
29
32
39
34
8
13
21
39
65
19
6
63
36
25
55
44
18
36
28
15
43
8
37
24
34
2
49
66
82
9
19
81
85
86
16
52
60
63
53
80
22
64
4
10
66
5
90
20
